(* ::Package:: *)

(* ::Package:: *)
(**)


Import["../SDPB.m"];
m1 = N[1/2, 1000];
J1 = 0;
J2 = 2;
mgap = N[166/100, 1000];

nulllist = {51, -1, -1, -1};
list0 = Table[0, {i, 1, Total[nulllist]+Length[nulllist]}];

Nlist[n_, z_, J_] := {(2-J (7+J))/(2 z^2),(20-J (7+J) (-13+J (7+J)))/(20 z^3),-(((-12+J (7+J)) (30+J (7+J) (-23+J (7+J))))/(360 z^4)),1/z^5-((-2+J) J (7+J) (9+J) (604+J (7+J) (-52+J (7+J))))/(10080 z^5),-((J (7+J) (-23+J (7+J)))/(20 z^5)),1/z^6-((-4+J) (-2+J) J (7+J) (9+J) (11+J) (-34+J (5+J)) (-20+J (9+J)))/(403200 z^6),-((J (7+J) (540+J (7+J) (-53+J (7+J))))/(360 z^6)),1/z^7-((-4+J) (-2+J) J (7+J) (9+J) (11+J) (-62+J (7+J)) (-48+J (7+J)) (-15+J (7+J)))/(21772800 z^7),-((J (7+J) (-31032+J (7+J) (3024+(-7+J) J (7+J) (14+J))))/(10080 z^7)),1/z^8-((-6+J) (-4+J) (-2+J) J (7+J) (9+J) (11+J) (13+J) (-50+J (7+J)) (960+J (7+J) (-83+J (7+J))))/(1524096000 z^8),-((J (7+J) (1578240+J (7+J) (-209056+J (7+J) (8988+J (7+J) (-160+J (7+J))))))/(403200 z^8)),-(((-2+J) J (7+J) (9+J) (-53+J (7+J)))/(360 z^8)),1/z^9-1/(134120448000 z^9) (-6+J) (-4+J) (-2+J) J (7+J) (9+J) (11+J) (13+J) (5001600+J (7+J) (-600160+J (7+J) (19516+J (7+J) (-240+J (7+J))))),-((J (7+J) (-131466240+J (7+J) (17720496+J (7+J) (-915804+J (7+J) (21808+J (7+J) (-241+J (7+J)))))))/(21772800 z^9)),-(((-2+J) J (7+J) (9+J) (2564+J (7+J) (-108+J (7+J))))/(5040 z^9)),1/z^10-1/(14485008384000 z^10) (-8+J) (-6+J) (-4+J) (-2+J) J (7+J) (9+J) (11+J) (13+J) (15+J) (5277600+J (7+J) (-651672+J (7+J) (20980+J (7+J) (-250+J (7+J))))),-(1/(1524096000 z^10))J (7+J) (11405836800+J (7+J) (-1826254080+J (7+J) (107801568+J (7+J) (-3100260+J (7+J) (46228+J (7+J) (-343+J (7+J))))))),-(((-2+J) J (7+J) (9+J) (-216000+J (7+J) (10752+J (7+J) (-182+J (7+J)))))/(201600 z^10)),1/z^11-1/(1883051089920000 z^11) (-8+J) (-6+J) (-4+J) (-2+J) J (7+J) (9+J) (11+J) (13+J) (15+J) (-797572800+J (7+J) (106776000+J (7+J) (-3946556+J (7+J) (60108+J (7+J) (-405+J (7+J)))))),-(1/(134120448000 z^11))J (7+J) (-1379752704000+J (7+J) (225934848000+J (7+J) (-14770082880+J (7+J) (486509168+J (7+J) (-8812960+J (7+J) (88928+J (7+J) (-468+J (7+J)))))))),-(((-2+J) J (7+J) (9+J) (21948480+J (7+J) (-1323000+J (7+J) (28702+J (7+J) (-277+J (7+J))))))/(10886400 z^11)),-(((-2+J) J (7+J) (9+J) (35064000+J (7+J) (-1763640+J (7+J) (31942+J (7+J) (-277+J (7+J))))))/(21772800 z^11)),1/z^12-1/(289989867847680000 z^12) (-10+J) (-8+J) (-6+J) (-4+J) (-2+J) J (7+J) (9+J) (11+J) (13+J) (15+J) (17+J) (-833676480+J (7+J) (114378912+J (7+J) (-4230052+J (7+J) (63448+J (7+J) (-417+J (7+J)))))),-(1/(14485008384000 z^12))J (7+J) (180894269952000+J (7+J) (-33122195274240+J (7+J) (2349433112832+J (7+J) (-85849259040+J (7+J) (1788748560+J (7+J) (-22054832+J (7+J) (158952+J (7+J) (-618+J (7+J))))))))),-(1/(762048000 z^12))(-2+J) J (7+J) (9+J) (-2563473600+J (7+J) (175893840+J (7+J) (-4726576+J (7+J) (61658+J (7+J) (-395+J (7+J)))))),-(1/(1524096000 z^12))(-2+J) J (7+J) (9+J) (-5573865600+J (7+J) (318324240+J (7+J) (-6824476+J (7+J) (71108+J (7+J) (-395+J (7+J)))))),1/z^13-1/(52198176212582400000 z^13) (-10+J) (-8+J) (-6+J) (-4+J) (-2+J) J (7+J) (9+J) (11+J) (13+J) (15+J) (17+J) (172008748800+J (7+J) (-25008497280+J (7+J) (1017235728+J (7+J) (-17785440+J (7+J) (152128+J (7+J) (-628+J (7+J))))))),-(1/(1883051089920000 z^13))J (7+J) (-30370283513856000+J (7+J) (5685348310272000+J (7+J) (-431278994177280+J (7+J) (17117281051776+J (7+J) (-396920087856+J (7+J) (5654064144+J (7+J) (-50058872+J (7+J) (268176+J (7+J) (-795+J (7+J)))))))))),-(1/(67060224000 z^13))(-2+J) J (7+J) (9+J) (357678604800+J (7+J) (-27684313920+J (7+J) (855078608+J (7+J) (-13637120+J (7+J) (118668+J (7+J) (-538+J (7+J))))))),-(1/(134120448000 z^13))(-2+J) J (7+J) (9+J) (942637132800+J (7+J) (-59261829120+J (7+J) (1465072608+J (7+J) (-18734520+J (7+J) (134068+J (7+J) (-538+J (7+J))))))),1/z^14-((-12+J) (-10+J) (-8+J) (-6+J) (-4+J) (-2+J) J (7+J) (9+J) (11+J) (13+J) (15+J) (17+J) (19+J) (178803072000+J (7+J) (-26522288640+J (7+J) (1083860832+J (7+J) (-18822392+J (7+J) (158628+J (7+J) (-642+J (7+J))))))))/(10857220652217139200000 z^14),-(1/(289989867847680000 z^14))J (7+J) (5582653171070976000+J (7+J) (-1130338166370048000+J (7+J) (90722029433978880+J (7+J) (-3853417628059776+J (7+J) (97298039791872+J (7+J) (-1547871265360+J (7+J) (15899813776+J (7+J) (-105145568+J (7+J) (431816+J (7+J) (-1001+J (7+J))))))))))),-(1/(289989867847680000 z^14))J (7+J) (18904909351071744000+J (7+J) (-3159997781508403200+J (7+J) (212491113563151360+J (7+J) (-7648220048749056+J (7+J) (164888697966912+J (7+J) (-2260267109520+J (7+J) (20284193776+J (7+J) (-119680088+J (7+J) (451836+J (7+J) (-1001+J (7+J))))))))))),-(1/(7242504192000 z^14))(-2+J) J (7+J) (9+J) (-57858694502400+J (7+J) (4940899119360+J (7+J) (-172748862720+J (7+J) (3196589328+J (7+J) (-34081280+J (7+J) (211008+J (7+J) (-708+J (7+J)))))))),-(1/(14485008384000 z^14))(-2+J) J (7+J) (9+J) (-179566979328000+J (7+J) (12489984864000+J (7+J) (-350374821120+J (7+J) (5203121328+J (7+J) (-45129680+J (7+J) (234768+J (7+J) (-708+J (7+J)))))))),1/z^15-((-12+J) (-10+J) (-8+J) (-6+J) (-4+J) (-2+J) J (7+J) (9+J) (11+J) (13+J) (15+J) (17+J) (19+J) (-48228426086400+J (7+J) (7471309098240+J (7+J) (-327436493664+J (7+J) (6325658024+J (7+J) (-62930772+J (7+J) (336322+J (7+J) (-917+J (7+J)))))))))/(2584018515227679129600000 z^15),-(1/(52198176212582400000 z^15))J (7+J) (-1247747313202790400000+J (7+J) (257807412952510464000+J (7+J) (-21713822416662681600+J (7+J) (976289459242567680+J (7+J) (-26434504759413888+J (7+J) (459223576873344+J (7+J) (-5286173524128+J (7+J) (40717222480+J (7+J) (-207319640+J (7+J) (668976+J (7+J) (-1238+J (7+J)))))))))))),-(1/(52198176212582400000 z^15))J (7+J) (-4427589781962547200000+J (7+J) (778134090027525120000+J (7+J) (-55587311278507929600+J (7+J) (2133844925721868800+J (7+J) (-49603448066289408+J (7+J) (744185486893824+J (7+J) (-7462993855968+J (7+J) (50767274800+J (7+J) (-232960640+J (7+J) (696696+J (7+J) (-1238+J (7+J)))))))))))),-(1/(941525544960000 z^15))(-2+J) J (7+J) (9+J) (10916797731840000+J (7+J) (-1018511499110400+J (7+J) (39142949166720+J (7+J) (-814016017152+J (7+J) (10077356168+J (7+J) (-76691252+J (7+J) (353250+J (7+J) (-907+J (7+J))))))))),-(1/(1883051089920000 z^15))(-2+J) J (7+J) (9+J) (38408970023424000+J (7+J) (-2914947731980800+J (7+J) (91204340699520+J (7+J) (-1546371339552+J (7+J) (15657273368+J (7+J) (-98663852+J (7+J) (388350+J (7+J) (-907+J (7+J))))))))),1/z^16-((-14+J) (-12+J) (-10+J) (-8+J) (-6+J) (-4+J) (-2+J) J (7+J) (9+J) (11+J) (13+J) (15+J) (17+J) (19+J) (21+J) (-49949104896000+J (7+J) (7864546348800+J (7+J) (-346775577120+J (7+J) (6684386328+J (7+J) (-65927780+J (7+J) (347718+J (7+J) (-933+J (7+J)))))))))/(697684999111473364992000000 z^16),-((J (7+J) (305478770084167680000000+J (7+J) (-66880855243136286720000+J (7+J) (5873152091579080704000+J (7+J) (-277205314388051865600+J (7+J) (7958521963421475840+J (7+J) (-148608950149018368+J (7+J) (1873341464128704+J (7+J) (-16222546312128+J (7+J) (96556311280+J (7+J) (-387804560+J (7+J) (1003236+J (7+J) (-1508+J (7+J))))))))))))))/(10857220652217139200000 z^16)),-((J (7+J) (1188386342061144145920000+J (7+J) (-217971526056244789248000+J (7+J) (16315470556851061555200+J (7+J) (-662248807410304512000+J (7+J) (16420500781059271680+J (7+J) (-265833327608356608+J (7+J) (2921409120924864+J (7+J) (-22249607260608+J (7+J) (118056830320+J (7+J) (-431047760+J (7+J) (1040676+J (7+J) (-1508+J (7+J))))))))))))))/(10857220652217139200000 z^16)),-(1/(144994933923840000 z^16))(-2+J) J (7+J) (9+J) (-2358577574825472000+J (7+J) (237610799759116800+J (7+J) (-9941557443736320+J (7+J) (227429331438240+J (7+J) (-3164274187792+J (7+J) (28016444448+J (7+J) (-159178952+J (7+J) (563810+J (7+J) (-1137+J (7+J)))))))))),-(1/(289989867847680000 z^16))(-2+J) J (7+J) (9+J) (-9288820773872640000+J (7+J) (765214719981696000+J (7+J) (-26297097573945600+J (7+J) (496256191980480+J (7+J) (-5707230603792+J (7+J) (41913607728+J (7+J) (-200019752+J (7+J) (613860+J (7+J) (-1137+J (7+J)))))))))),1/z^17-((-14+J) (-12+J) 