terminateReason = "found primal-dual optimal solution";
primalObjective = -10.61248721880054322621236527082055778699668657827988337693522202184607663455915593821898705764923232538245503913381336333191870497173645046589573794479318934489197067959868006923400036163776346980428553131729726574316396242134532078884631063229573126502350201604011807171753143177811141070688996271858137702773;
dualObjective   = -10.61248721880054322621236527082828460742377177717129430860609308670985306761601679578601965006333663489117614385639501942656971446908987026621218519793553779089057728803928141994168906685169476694638058408165826180229127381596135561291927647359534776204784499430820105506963502866128866999275924859586303265708;
dualityGap      = 3.640438036710544327962100369546657911523365230323181019025198812153390301759381227599288929013350078409362407977099973459093101082134177825937995902986995892588428074015582583225493017628328584195805664935491299865945853514779855832475631519203206515106596428080100722738710535761692683707671123522541141214121e-31;
primalError     = 1.506781386772958594145518293011715035070760114065527618471619301221436827393505835208488473696627426258733119972351398113089587768617238367206720378989806467454783791407440426457816876676229389524818775544395986074768458982662630725830989628647061933298656157613897348470919431824842649618858305928523937026085e-307;
dualError       = 8.879316391867698466066206624330592663447690551397064498375021466691328755262783609015732838033868902106670705630972701238509619454323957764492385507487173163827542512396827130948335226715901189267843736268699040005783715235682304127609818997244467230741961511936312168857725031465848917910799193882763147389534e-284;
Solver runtime  = 1;
