(* ::Package:: *)

Import["../SDPB.m"]
m1 = N[1/2, 300];
mA = N[1/1000, 300];
J1 = 0;
mgap = N[166/100,300];

nulllist = {33, -1, -1, -1};
list0 = Table[0, {i, 1, Total[nulllist]+Length[nulllist]}];

Nlist[n_, J_, x_] := {(32 mA^4+2 (-1+J) (8+J) mA^2 x-(-2+J (7+J)) x^2)/(2 x^2 (-4 mA^2+x)^2), (-1280 mA^6+960 mA^4 x+2 (-120+(-1+J) J (7+J) (8+J)) mA^2 x^2-(-20+J (7+J) (-13+J (7+J))) x^3)/(20 x^3 (-4 mA^2+x)^3), (92160 mA^8-92160 mA^6 x+34560 mA^4 x^2+2 (-2880+(-2+J) (-1+J) J (7+J) (8+J) (9+J)) mA^2 x^3-(-12+J (7+J)) (30+J (7+J) (-23+J (7+J))) x^4)/(360 x^4 (-4 mA^2+x)^4), 1/(10080 x^5 (-4 mA^2+x)^5) (-10321920 mA^10+12902400 mA^8 x-6451200 mA^6 x^2+1612800 mA^4 x^3+2 (-100800+(-3+J) (-2+J) (-1+J) J (7+J) (8+J) (9+J) (10+J)) mA^2 x^4+(10080-(-2+J) J (7+J) (9+J) (604+J (7+J) (-52+J (7+J)))) x^5), (J (7+J) (11520 mA^8-11520 mA^6 x-4 (-936+J (7+J) (-26+J (7+J))) mA^4 x^2+2 (-216+J (7+J) (-26+J (7+J))) mA^2 x^3-9 (-23+J (7+J)) x^4))/(180 x^4 (-4 mA^2+x)^5), 1/(403200 x^6 (-4 mA^2+x)^6) (1651507200 mA^12-2477260800 mA^10 x+1548288000 mA^8 x^2-516096000 mA^6 x^3+96768000 mA^4 x^4+2 (-4838400+(-4+J) (-3+J) (-2+J) (-1+J) J (7+J) (8+J) (9+J) (10+J) (11+J)) mA^2 x^5-(-403200+(-4+J) (-2+J) J (7+J) (9+J) (11+J) (-34+J (5+J)) (-20+J (9+J))) x^6), 1/(2520 x^5 (-4 mA^2+x)^6) J (7+J) (-645120 mA^10+806400 mA^8 x-403200 mA^6 x^2-2 (-54720+J (7+J) (924+J (7+J) (-56+J (7+J)))) mA^4 x^3+(-16920+J (7+J) (924+J (7+J) (-56+J (7+J)))) mA^2 x^4-7 (540+J (7+J) (-53+J (7+J))) x^5),1/(21772800 x^7 (-4 mA^2+x)^7) (-356725555200 mA^14+624269721600 mA^12 x-468202291200 mA^10 x^2+195084288000 mA^8 x^3-48771072000 mA^6 x^4+7315660800 mA^4 x^5+2 (-304819200+(-5+J) (-4+J) (-3+J) (-2+J) (-1+J) J (7+J) (8+J) (9+J) (10+J) (11+J) (12+J)) mA^2 x^6-(-21772800+(-4+J) (-2+J) J (7+J) (9+J) (11+J) (-62+J (7+J)) (-48+J (7+J)) (-15+J (7+J))) x^7), 1/(100800 x^6 (-4 mA^2+x)^7) J (7+J) (103219200 mA^12-154828800 mA^10 x+96768000 mA^8 x^2-32256000 mA^6 x^3-2 (-2833920+J (7+J) (-44976+J (7+J) (3388+J (7+J) (-100+J (7+J))))) mA^4 x^4+(1+J) (6+J) (-69120+J (7+J) (4024+J (7+J) (-106+J (7+J)))) mA^2 x^5-10 (-31032+J (7+J) (3024+(-7+J) J (7+J) (14+J))) x^6),1/(1524096000 x^8 (-4 mA^2+x)^8) (99883155456000 mA^16-199766310912000 mA^14 x+174795522048000 mA^12 x^2-87397761024000 mA^10 x^3+27311800320000 mA^8 x^4-5462360064000 mA^6 x^5+682795008000 mA^4 x^6+2 (-24385536000+(-6+J) (-5+J) (-4+J) (-3+J) (-2+J) (-1+J) J (7+J) (8+J) (9+J) (10+J) (11+J) (12+J) (13+J)) mA^2 x^7-(-1524096000+(-6+J) (-4+J) (-2+J) J (7+J) (9+J) (11+J) (13+J) (-50+J (7+J)) (960+J (7+J) (-83+J (7+J)))) x^8),1/(10886400 x^7 (-4 mA^2+x)^8) J (7+J) (-44590694400 mA^14+78033715200 mA^12 x-58525286400 mA^10 x^2+24385536000 mA^8 x^3-6096384000 mA^6 x^4-4 (-240019200+J (7+J) (2888640+J (7+J) (-248256+J (7+J) (9388+J (7+J) (-160+J (7+J)))))) mA^4 x^5+2 (-49507200+J (7+J) (2888640+J (7+J) (-248256+J (7+J) (9388+J (7+J) (-160+J (7+J)))))) mA^2 x^6-27 (1578240+J (7+J) (-209056+J (7+J) (8988+J (7+J) (-160+J (7+J))))) x^7),-(1/(2520 x^5 (-4 mA^2+x)^8))(-2+J) J (7+J) (9+J) (3584 (-1+J) (8+J) mA^10+32 (-10+J) (-1+J) (8+J) (17+J) mA^8 x-32 (-1+J) (8+J) (-100+J (7+J)) mA^6 x^2+4 (-1+J) (8+J) (-230+3 J (7+J)) mA^4 x^3-2 (-1+J) (8+J) (-65+J (7+J)) mA^2 x^4+7 (-53+J (7+J)) x^5),1/(134120448000 x^9 (-4 mA^2+x)^9) (-35158870720512000 mA^18+79107459121152000 mA^16 x-79107459121152000 mA^14 x^2+46146017820672000 mA^12 x^3-17304756682752000 mA^10 x^4+4326189170688000 mA^8 x^5-721031528448000 mA^6 x^6+77253378048000 mA^4 x^7+2 (-2414168064000+(-7+J) (-6+J) (-5+J) (-4+J) (-3+J) (-2+J) (-1+J) J (7+J) (8+J) (9+J) (10+J) (11+J) (12+J) (13+J) (14+J)) mA^2 x^8-(-134120448000+(-6+J) (-4+J) (-2+J) J (7+J) (9+J) (11+J) (13+J) (5001600+J (7+J) (-600160+J (7+J) (19516+J (7+J) (-240+J (7+J)))))) x^9),1/(762048000 x^8 (-4 mA^2+x)^9) J (7+J) (12485394432000 mA^16-24970788864000 mA^14 x+21849440256000 mA^12 x^2-10924720128000 mA^10 x^3+3413975040000 mA^8 x^4-682795008000 mA^6 x^5-4 (-20447769600+J (7+J) (-236718720+J (7+J) (22252608+J (7+J) (-980520+J (7+J) (21868+J (7+J) (-238+J (7+J))))))) mA^4 x^6+2 (-2158617600+J (7+J) (-236718720+J (7+J) (22252608+J (7+J) (-980520+J (7+J) (21868+J (7+J) (-238+J (7+J))))))) mA^2 x^7-35 (-131466240+J (7+J) (17720496+J (7+J) (-915804+J (7+J) (21808+J (7+J) (-241+J (7+J)))))) x^8),1/(50400 x^6 (-4 mA^2+x)^9) (-2+J) J (7+J) (9+J) (286720 (-1+J) (8+J) mA^12-430080 (-1+J) (8+J) mA^10 x-16 (-1+J) (8+J) (-15480+J (7+J) (-74+J (7+J))) mA^8 x^2+16 (-1+J) (8+J) (-4280+J (7+J) (-74+J (7+J))) mA^6 x^3-6 (-1+J) (8+J) (-1480+J (7+J) (-74+J (7+J))) mA^4 x^4+(-1+J) (8+J) (-360+J (7+J) (-74+J (7+J))) mA^2 x^5-10 (2564+J (7+J) (-108+J (7+J))) x^6),1/(14485008384000 x^10 (-4 mA^2+x)^10) (15188632151261184000 mA^20-37971580378152960000 mA^18 x+42718027925422080000 mA^16 x^2-28478685283614720000 mA^14 x^3+12459424811581440000 mA^12 x^4-3737827443474432000 mA^10 x^5+778714050723840000 mA^8 x^6-111244864389120000 mA^6 x^7+10429206036480000 mA^4 x^8+2 (-289700167680000+(-8+J) (-7+J) (-6+J) (-5+J) (-4+J) (-3+J) (-2+J) (-1+J) J (7+J) (8+J) (9+J) (10+J) (11+J) (12+J) (13+J) (14+J) (15+J)) mA^2 x^9-(-14485008384000+(-8+J) (-6+J) (-4+J) (-2+J) J (7+J) (9+J) (11+J) (13+J) (15+J) (5277600+J (7+J) (-651672+J (7+J) (20980+J (7+J) (-250+J (7+J)))))) x^10)}[[n+1]];

(*Jinf[x_] := Limit[list/J^Max[Exponent[list,J]],{J -> \[Infinity]}];*)

Poly[J_, x_, y_]:=PositiveMatrixWithPrefactor[
        DampedRational[1,{},1/E,y],{{Flatten[{2/(-2 mA^2+x), Table[Simplify[Expand[Nlist[n,J,x]]],{n,0,nulllist[[1]]}]}]}}];
list1 = Table[0, {i, 1, nulllist[[1]]}];

Polyinf[J_, x_, y_]:=PositiveMatrixWithPrefactor[
        DampedRational[1,{},1/E,y],{{Flatten[Join[list1,{-((-2 mA^2+x)/(14485008384000 x (-4 mA^2+x)^10))}]]}}];

LaunchKernels[];

PMP2SDP[datfile_, prec_:300] := Module[
    {
        pols, norm, obj
    },
    pols = 
        Flatten[{
            Flatten[N[ParallelTable[Poly[j, mgap+x, x],{j, 0, 1000, 2}],300]],
            Flatten[N[ParallelTable[Poly[j, mgap+x, x],{j, 1500, 5000, 100}],300]],
            Flatten[N[ParallelTable[Poly[j, mgap+x, x],{j, 6000, 20000, 500}],300]],
            Flatten[N[ParallelTable[Poly[j, mgap+x, x],{j, 20000, 50000, 2000}],300]],
            Flatten[N[ParallelTable[Poly[j, m1, x],{j, J1, J1, 2}],300]],
            Flatten[N[ParallelTable[Polyinf[j, mgap+x, x],{j, 0, 0, 2}],300]]
        },1];
    norm =  1 * Flatten[N[{2/(-2 mA^2+1), Table[Nlist[n,2,1],{n,0,nulllist[[1]]}]},300]];
    obj  = -1 * N[Flatten[{1,list0}],300];

    WritePmpJson[datfile, SDP[obj, norm, pols], prec, getAnalyticSampleData]
];

PMP2SDP["n_pmp.json", 300];
