(* ::Package:: *)

Import["../SDPB.m"]
m1 = N[1/2, 300];
J1 = 0;
mgap = N[166/100,300];

nulllist = {40, -1, -1, -1};
list0 = Table[0, {i, 1, Total[nulllist]+Length[nulllist]}];

Nlist[n_,x_,J_]:={-((-2+7 J+J^2)/(2 x^2)),-((-20-91 J+36 J^2+14 J^3+J^4)/(20 x^3)),-((-360+2142 J-1409 J^2-147 J^3+112 J^4+21 J^5+J^6)/(360 x^4)),(10080+76104 J-64588 J^2+2450 J^3+6349 J^4+98 J^5-224 J^6-28 J^7-J^8)/(10080 x^5),-((J (7+J) (-23+7 J+J^2))/(20 x^5)),-((-403200+3769920 J-3778144 J^2+504980 J^3+368780 J^4-41405 J^5-18207 J^6+70 J^7+370 J^8+35 J^9+J^10)/(403200 x^6)),-((J (7+J) (540-371 J-4 J^2+14 J^3+J^4))/(360 x^6)),-(1/(21772800 x^7))(-21772800-247484160 J+279787248 J^2-57604428 J^3-25228604 J^4+5884095 J^5+1313654 J^6-171864 J^7-42447 J^8+315 J^9+548 J^10+42 J^11+J^12),-((J (7+J) (-31032+21168 J-1778 J^2-1029 J^3+49 J^4+21 J^5+J^6))/(10080 x^7)),-(1/(1524096000 x^8))(-1524096000+20756736000 J-25739900640 J^2+6786012744 J^3+2058934276 J^4-748095446 J^5-98647899 J^6+29928017 J^7+3803168 J^8-492303 J^9-87262 J^10+539 J^11+756 J^12+49 J^13+J^14),-((J (7+J) (1578240-1463392 J+231356 J^2+70952 J^3-12131 J^4-1988 J^5+134 J^6+28 J^7+J^8))/(403200 x^8)),-((J (7+J) (2646720-2020032 J+206716 J^2+86632 J^3-11011 J^4-1988 J^5+134 J^6+28 J^7+J^8))/(403200 x^8)),-(1/(134120448000 x^9))(-134120448000-2162851891200 J+2887021117440 J^2-899113053888 J^3-198395833264 J^4+102475677248 J^5+7488920152 J^6-4680861108 J^7-302829131 J^8+109380964 J^9+9792816 J^10-1153460 J^11-164206 J^12+588 J^13+992 J^14+56 J^15+J^16),-(1/(21772800 x^9))J (7+J) (-131466240+124043472 J-27153900 J^2-5341112 J^3+1711331 J^4+144123 J^5-37041 J^6-3318 J^7+249 J^8+35 J^9+J^10),-(1/(21772800 x^9))J (7+J) (-231154560+192204432 J-30752460 J^2-8410472 J^3+1756691 J^4+189483 J^5-34881 J^6-3318 J^7+249 J^8+35 J^9+J^10),-(1/(14485008384000 x^10))(-14485008384000+273864374784000 J-388216870709760 J^2+136615363831296 J^3+22187248473888 J^4-15790053701520 J^5-455009169824 J^6+771893566920 J^7+14728636218 J^8-21175383537 J^9-832326231 J^10+328152132 J^11+23268040 J^12-2366406 J^13-288786 J^14+252 J^15+1254 J^16+63 J^17+J^18),-(1/(1524096000 x^10))J (7+J) (11405836800-12783778560 J+3456022752 J^2+445832772 J^3-236943224 J^4-7445445 J^5+6490706 J^6+218736 J^7-85827 J^8-5145 J^9+392 J^10+42 J^11+J^12),-(1/(1524096000 x^10))J (7+J) (26102476800-23620101120 J+4506242832 J^2+928886532 J^3-285973604 J^4-18135285 J^5+6846026 J^6+324576 J^7-82047 J^8-5145 J^9+392 J^10+42 J^11+J^12),1/(1883051089920000 x^11) (1883051089920000+41387520125952000 J-61681180431283200 J^2+23854991556936960 J^3+2818419852060864 J^4-2767147980604560 J^5+20065723761440 J^6+140208292121240 J^7-2655515501716 J^8-4200760163145 J^9+1658830680 J^10+78359351070 J^11+2203494839 J^12-858160030 J^13-51842380 J^14+4405800 J^15+481014 J^16+735 J^17-1540 J^18-70 J^19-J^20),-(1/(134120448000 x^11))J (7+J) (-1379752704000+1581543936000 J-497799213120 J^2-39908515696 J^3+35586847856 J^4-380075696 J^5-1091980164 J^6+11889647 J^7+18730283 J^8+254947 J^9-171017 J^10-7651 J^11+561 J^12+49 J^13+J^14),-(1/(134120448000 x^11))J (7+J) (-3328650547200+3252305952000 J-764192626560 J^2-115318496496 J^3+50443320256 J^4+1448427904 J^5-1351420884 J^6-17863153 J^7+19931483 J^8+470547 J^9-164857 J^10-7651 J^11+561 J^12+49 J^13+J^14),-(1/(10886400 x^11))J (7+J) (-395072640+320337360 J-44379684 J^2-14199920 J^3+2404205 J^4+319515 J^5-41037 J^6-4830 J^7+195 J^8+35 J^9+J^10),-(1/(289989867847680000 x^12))(-289989867847680000+7354371107026944000 J-11434307358958848000 J^2+4769513693188231680 J^3+395177343068331648 J^4-551857932259891488 J^5+20985837800389616 J^6+28445907612510080 J^7-1502927198118192 J^8-896443110223738 J^9+32271399791851 J^10+18630754747605 J^11-138647493712 J^12-251320552483 J^13-5784327549 J^14+2023043330 J^15+109198408 J^16-7606368 J^17-765919 J^18-2695 J^19+1848 J^20+77 J^21+J^22),-(1/(14485008384000 x^12))J (7+J) (180894269952000-231855366919680 J+82000027254528 J^2+3445767728928 J^3-5975622673488 J^4+280653023056 J^5+193975103288 J^6-10043026070 J^7-3796647613 J^8+106958698 J^9+46135430 J^10+198086 J^11-308900 J^12-11074 J^13+754 J^14+56 J^15+J^16),-(1/(14485008384000 x^12))J (7+J) (516434069606400-538864449016320 J+142892305721856 J^2+15827240320416 J^3-9832030093584 J^4+12413124976 J^5+283682370872 J^6-4750856726 J^7-4742077021 J^8+34775818 J^9+49195718 J^10+597254 J^11-299396 J^12-11074 J^13+754 J^14+56 J^15+J^16),-(1/(762048000 x^12))J (7+J) (46142524800-40106939040 J+7058075472 J^2+1651718852 J^3-431869564 J^4-35156415 J^5+9540956 J^6+609756 J^7-97587 J^8-7595 J^9+322 J^10+42 J^11+J^12),1/(52198176212582400000 x^13) (52198176212582400000+1517394580126064640000 J-2446209952985465856000 J^2+1085811389578818201600 J^3+58379492273900198400 J^4-124835267534973899904 J^5+8124309002791358784 J^6+6467354492319284256 J^7-545188286131058416 J^8-209452881422128344 J^9+14695382736400124 J^10+4654540951688166 J^11-191339867395351 J^12-71320410846594 J^13+643488804224 J^14+721954495416 J^15+15007561349 J^16-4391551164 J^17-218624956 J^18+12350646 J^19+1174019 J^20+6006 J^21-2176 J^22-84 J^23-J^24),-(1/(1883051089920000 x^13))J (7+J) (-30370283513856000+39797438171904000 J-15447322404414720 J^2-166678517722752 J^3+1131956189491536 J^4-90083602382928 J^5-37589560961096 J^6+3452495251296 J^7+786972518397 J^8-56057082081 J^9-11170020147 J^10+398380164 J^11+102161098 J^12-12054 J^13-520038 J^14-15708 J^15+969 J^16+63 J^17+J^18),-(1/(1883051089920000 x^13))J (7+J) (-91196676679680000+101254427824435200 J-30446572111868160 J^2-2336585514988032 J^3+2132928498002256 J^4-60548678404368 J^5-64582907249576 J^6+2931443880456 J^7+1172851514757 J^8-43093851801 J^9-13968936267 J^10+239068284 J^11+108802018 J^12+675906 J^13-505998 J^14-15708 J^15+969 J^16+63 J^17+J^18),-(1/(67060224000 x^13))J (7+J) (-6438214886400+5991973787520 J-1254714458976 J^2-225572662672 J^3+80833327288 J^4+3627940624 J^5-2061304652 J^6-56645281 J^7+27918539 J^8+1031107 J^9-196273 J^10-11347 J^11+473 J^12+49 J^13+J^14),-((-10857220652217139200000+359631574848670924800000 J-598212814837595553792000 J^2+279743434031044782489600 J^3+8171416316932311306240 J^4-31878236443422916205568 J^5+2848370116652579840256 J^6+1645983374396323330368 J^7-188143209791638395008 J^8-53904448707747830192 J^9+5627573879832393632 J^10+1247788787860362748 J^11-94086216114919288 J^12-20802971461210757 J^13+843196011760217 J^14+243471850701898 J^15-1967184186838 J^16-1896995647547 J^17-37890920353 J^18+8907386488 J^19+417932372 J^20-19046027 J^21-1741753 J^22-11102 J^23+2522 J^24+91 J^25+J^26)/(10857220652217139200000 x^14)),-(1/(289989867847680000 x^14))J (7+J) (5582653171070976000-7912367164590336000 J+3315041275894917120 J^2-51613834348798848 J^3-242117768350523520 J^4+26556068048287568 J^5+8040608721036416 J^6-1068076201720416 J^7-172629650290696 J^8+20590973818961 J^9+2673407612512 J^10-217332260054 J^11-29352643047 J^12+1121214374 J^13+209183748 J^14-423752 J^15-829738 J^16-21903 J^17+1204 J^18+70 J^19+J^20),-(1/(289989867847680000 x^14))J (7+J) (18904909351071744000-22119984470558822400 J+7252066783086013440 J^2+351536113163192832 J^3-515899469784404160 J^4+27626363277170448 J^5+16080965617288096 J^6-1188895672532456 J^7-308063900942396 J^8+20735949489801 J^9+4028072003592 J^10-188832548814 J^11-36559522727 J^12+793567054 J^13+222116668 J^14+697368 J^15-809718 J^16-21903 J^17+1204 J^18+70 J^19+J^20),-(1/(7242504192000 x^14))J (7+J) (1041456501043200-1027564150556160 J+247673675116800 J^2+33716698652448 J^3-16653943797840 J^4-245284513376 J^5+461449639496 J^6-1279251050 J^7-7284564529 J^8-40492298 J^9+68863058 J^10+1623146 J^11-355232 J^12-16366 J^13+646 J^14+56 J^15+J^16),-(1/(14485008384000 x^14))J (7+J) (3232205627904000-2830706948160000 J+516653143683840 J^2+110851608295008 J^3-32032717275600 J^4-1900964021936 J^5+761119645736 J^6+23505090070 J^7-9846724129 J^8-279161498 J^9+74850578 J^10+2621066 J^11-331472 J^12-16366 J^13+646 J^14+56 J^15+J^16),(2584018515227679129600000+97003170202381953269760000 J-165825286105166577598464000 