terminateReason = "found primal-dual optimal solution";
primalObjective = 0.4182706667889616197320517945991724810498966012009929938953964993135163285199153582142444247787676021992244839701600886244267361625130356284321985349946698277742215799385387547187385531886268828591034140211490621619665949873803887915293282558636894124048582574624134585589795830476290313081650536042574873917298;
dualObjective   = 0.4182706667889616197320517945988477296561635078045222385502019852863106920672393716052762675113141278928974413376339036422542890931954295056071122232506554157955976863790802466933251149083408791691415856942420406335593343059302696479087400171100906157506054802218884986124241018733953930966375516921457805253544;
dualityGap      = 3.247513937330933964707553451945140272056364526759866089681572674534743063270426325261849821724470693176061228250863117440144119786238935594585080254134382802860036899618283269070215284072606814501191436205882387535987966542527772405249599465554811742336382115275019121117068663753595992919658921096503594812639e-31;
primalError     = 8.24627855465046891470371513301348255097985596897691838204558490287305684259378018932949642061183617051605488423427833925571051163193047426536204800078560051401208624958581449199700321229891936425351476744455907540153194968748896404352323874809084553440453838852815506927504262449767090372097167770726733863101e-300;
dualError       = 9.78694331824445293658076896891168830313736434042192677004770990001956332402044246923766980450492467370404619561496082705927564614316599469211987029714256578321097311719899873554279693870265537526610142045663616587527028293276949800826592920851435256945046418579633767196653404716563641472123817009711079359843e-286;
Solver runtime  = 0;
