terminateReason = "found primal-dual optimal solution";
primalObjective = 1.840265763132049246688040171730692859093696015321918443453226746749383163227597141691600319282089755582001952213989299086778996952743774774430849134628490743939415391682546402406553902884425278767242422219351891294081357198779219322441431750534754773192721323015492378522906645324509868378782150388389720613887;
dualObjective   = 1.840265763132049246688040171729151441832059731728761362372731818750677302343451096004046667846571547023658936484400031677727076788274711997546965300628876950117647529003595018337843411081819315823738567496863873188161122703992315372994294205292174942376073427708366347784569933874406870908855231825068871164171;
dualityGap      = 4.188028958960962801244546740504057186448594155812738618124038844018087225628437336107271134908926673033349834829571717460599864645959584464506438942969670129990852394253915617334146270264604772421955635378026110885741494523039585653643938163833963397843300648580379388846618000585743518086561531812983806773739e-31;
primalError     = 5.562684646268003457725581793331010160548039951155829576383318542218011087034795489635707897531277551410168349327589527512881085403883650272140030963444297052826944983830005826199025368606459090179803912617356259335520938127016626541645397371801227949921479099121251589771925295762186999452219384374873628951129e-309;
dualError       = 3.821496572445669045736394397958453686389845497361600791419730751494233244225280102613756067722086312000141767016641606963656638401612466963587871258318911645139318406245604577573915901730014471259931999315816558763810350922281325971013110054115571023284505799049336014151090070811425880226423209123640236565138e-60;
Solver runtime  = 0;
